enterprise = [[5,3,8,27], #consider making these tuples where points have a 'p' in the first slot and lines have 'l' and spheres 's', etc
			  [5,3,9,27],
			  [6,3,9,27],
			  [7,3,9,27],
			  [7,3,10,27],
			  [7,3,11,27],
			  [7,3,12,27],
			  [7,3,13,27],
			  [7,3,14,27],
			  [7,3,15,27],
			  [7,3,16,27],
			  [8,3,13,27],
			  [8,3,14,27],
			  [8,3,15,27],
			  [8,3,16,27],
			  [8,3,17,27],
			  [8,3,18,27],
			  [9,3,13,27],
			  [9,3,14,27],
			  [9,3,15,27],
			  [9,3,16,27],
			  [9,3,17,27],
			  [9,3,18,27],
			  [10,3,9,27],
			  [10,3,10,27],
			  [10,3,11,27],
			  [10,3,12,27],
			  [10,3,13,27],
			  [10,3,14,27],
			  [10,3,15,27],
			  [10,3,16,27],
			  [11,3,9,27],
			  [12,3,8,27],
			  [12,3,9,27],
			  [5,4,8,27],
			  [5,4,9,27],
			  [6,4,17,27],
			  [7,4,13,27],
			  [7,4,14,27],
			  [7,4,15,27],
			  [7,4,16,27],
			  [7,4,17,27],
			  [7,4,18,27],
			  [7,4,19,27],
			  [8,4,16,27],
			  [8,4,17,27],
			  [8,4,18,27],
			  [8,4,19,27],
			  [8,4,20,27],
			  [9,4,16,27],
			  [9,4,17,27],
			  [9,4,18,27],
			  [9,4,19,27],
			  [9,4,20,27],
			  [10,4,13,27],
			  [10,4,14,27],
			  [10,4,15,27],
			  [10,4,16,27],
			  [10,4,17,27],
			  [10,4,18,27],
			  [10,4,19,27],
			  [11,4,17,27],
			  [12,4,8,27],
			  [12,4,9,27],
			  [4,5,9,27],
			  [4,5,10,27],
			  [4,5,11,27],
			  [4,5,12,34],
			  [5,5,2,27],
			  [5,5,3,27],
			  [5,5,4,27],
			  [5,5,5,27],
			  [5,5,6,27],
			  [5,5,7,27],
			  [5,5,8,27],
			  [5,5,9,27],
			  [5,5,10,27],
			  [5,5,11,34],
			  [5,5,12,34],
			  [6,5,18,27],
			  [6,5,19,27],
			  [6,5,20,27],
			  [7,5,17,27],
			  [7,5,18,27],
			  [7,5,19,27],
			  [7,5,20,27],
			  [7,5,21,27],
			  [8,5,16,27],
			  [8,5,17,27],
			  [8,5,18,27],
			  [8,5,19,27],
			  [8,5,20,27],
			  [8,5,21,27],
			  [8,5,22,27],
			  [9,5,16,27],
			  [9,5,17,27],
			  [9,5,18,27],
			  [9,5,19,27],
			  [9,5,20,27],
			  [9,5,21,27],
			  [9,5,22,27],
			  [10,5,17,27],
			  [10,5,18,27],
			  [10,5,19,27],
			  [10,5,20,27],
			  [10,5,21,27],
			  [11,5,18,27],
			  [11,5,19,27],
			  [11,5,20,27],
			  [12,5,2,27],
			  [12,5,3,27],
			  [12,5,4,27],
			  [12,5,5,27],
			  [12,5,6,27],
			  [12,5,7,27],
			  [12,5,8,27],
			  [12,5,9,27],
			  [12,5,10,27],
			  [12,5,11,34],
			  [12,5,12,34],
			  [13,5,9,27],
			  [13,5,10,27],
			  [13,5,11,27],
			  [13,5,12,34],
			  [3,6,17,27],
			  [3,6,18,27],
			  [3,6,19,27],
			  [3,6,20,27],
			  [4,6,7,27],
			  [4,6,8,27],
			  [4,6,9,27],
			  [4,6,10,27],
			  [4,6,11,27],
			  [4,6,12,34],
			  [4,6,15,27],
			  [4,6,16,27],
			  [4,6,17,27],
			  [4,6,18,27],
			  [4,6,19,27],
			  [4,6,20,27],
			  [4,6,21,27],
			  [4,6,22,27],
			  [5,6,4,27],
			  [5,6,5,27],
			  [5,6,6,27],
			  [5,6,7,27],
			  [5,6,8,27],
			  [5,6,9,27],
			  [5,6,10,27],
			  [5,6,11,27],
			  [5,6,12,27],
			  [5,6,15,27],
			  [5,6,16,27],
			  [5,6,17,27],
			  [5,6,18,27],
			  [5,6,19,27],
			  [5,6,20,27],
			  [5,6,21,27],
			  [5,6,22,27],
			  [5,6,23,27],
			  [6,6,14,27],
			  [6,6,15,27],
			  [6,6,16,27],
			  [6,6,17,27],
			  [6,6,18,27],
			  [6,6,19,27],
			  [6,6,20,27],
			  [6,6,21,27],
			  [6,6,22,27],
			  [6,6,23,27],
			  [7,6,14,27],
			  [7,6,15,27],
			  [7,6,16,27],
			  [7,6,17,27],
			  [7,6,18,27],
			  [7,6,19,27],
			  [7,6,20,27],
			  [7,6,21,27],
			  [7,6,22,27],
			  [7,6,23,27],
			  [7,6,24,27],
			  [8,6,14,27],
			  [8,6,15,27],
			  [8,6,16,27],
			  [8,6,17,27],
			  [8,6,18,27],
			  [8,6,19,27],
			  [8,6,20,27],
			  [8,6,21,27],
			  [8,6,22,27],
			  [8,6,23,27],
			  [8,6,24,27],
			  [9,6,14,27],
			  [9,6,15,27],
			  [9,6,16,27],
			  [9,6,17,27],
			  [9,6,18,27],
			  [9,6,19,27],
			  [9,6,20,27],
			  [9,6,21,27],
			  [9,6,22,27],
			  [9,6,23,27],
			  [9,6,24,27],
			  [10,6,14,27],
			  [10,6,15,27],
			  [10,6,16,27],
			  [10,6,17,27],
			  [10,6,18,27],
			  [10,6,19,27],
			  [10,6,20,27],
			  [10,6,21,27],
			  [10,6,22,27],
			  [10,6,23,27],
			  [10,6,24,27],
			  [11,6,14,27],
			  [11,6,15,27],
			  [11,6,16,27],
			  [11,6,17,27],
			  [11,6,18,27],
			  [11,6,19,27],
			  [11,6,20,27],
			  [11,6,21,27],
			  [11,6,22,27],
			  [11,6,23,27],
			  [12,6,4,27],
			  [12,6,5,27],
			  [12,6,6,27],
			  [12,6,7,27],
			  [12,6,8,27],
			  [12,6,9,27],
			  [12,6,10,27],
			  [12,6,11,27],
			  [12,6,12,27],
			  [12,6,15,27],
			  [12,6,16,27],
			  [12,6,17,27],
			  [12,6,18,27],
			  [12,6,19,27],
			  [12,6,20,27],
			  [12,6,21,27],
			  [12,6,22,27],
			  [12,6,23,27],
			  [13,6,7,27],
			  [13,6,8,27],
			  [13,6,9,27],
			  [13,6,10,27],
			  [13,6,11,27],
			  [13,6,12,34],
			  [13,6,15,27],
			  [13,6,16,27],
			  [13,6,17,27],
			  [13,6,18,27],
			  [13,6,19,27],
			  [13,6,20,27],
			  [13,6,21,27],
			  [13,6,22,27],
			  [14,6,17,27],
			  [14,6,18,27],
			  [14,6,19,27],
			  [14,6,20,27],
			  [4,7,4,27],
			  [4,7,5,27],
			  [4,7,6,27],
			  [4,7,7,27],
			  [4,7,8,27],
			  [4,7,9,27],
			  [4,7,10,27],
			  [4,7,11,27],
			  [4,7,12,27],
			  [5,7,4,27],
			  [5,7,5,27],
			  [5,7,6,27],
			  [5,7,7,27],
			  [5,7,8,27],
			  [5,7,9,27],
			  [5,7,10,27],
			  [5,7,11,27],
			  [5,7,12,27],
			  [6,7,18,27],
			  [6,7,19,27],
			  [6,7,20,27],
			  [7,7,17,27],
			  [7,7,18,27],
			  [7,7,19,27],
			  [7,7,20,27],
			  [7,7,21,27],
			  [8,7,16,27],
			  [8,7,17,27],
			  [8,7,18,27],
			  [8,7,19,27],
			  [8,7,20,27],
			  [8,7,21,27],
			  [8,7,22,27],
			  [9,7,16,27],
			  [9,7,17,27],
			  [9,7,18,27],
			  [9,7,19,27],
			  [9,7,20,27],
			  [9,7,21,27],
			  [9,7,22,27],
			  [10,7,17,27],
			  [10,7,18,27],
			  [10,7,19,27],
			  [10,7,20,27],
			  [10,7,21,27],
			  [11,7,18,27],
			  [11,7,19,27],
			  [11,7,20,27],
			  [12,7,4,27],
			  [12,7,5,27],
			  [12,7,6,27],
			  [12,7,7,27],
			  [12,7,8,27],
			  [12,7,9,27],
			  [12,7,10,27],
			  [12,7,11,27],
			  [12,7,12,27],
			  [13,7,4,27],
			  [13,7,5,27],
			  [13,7,6,27],
			  [13,7,7,27],
			  [13,7,8,27],
			  [13,7,9,27],
			  [13,7,10,27],
			  [13,7,11,27],
			  [13,7,12,27]]